
strategic_region={
	id=1
	name="STRATEGICREGION_1"
	provinces={
		19 23 232 321 393 438 486 535 558 624 765 809 812 880 892 923 1005 1066 1162 1173 1229 1233 1273 1282 1404 1482 1540 1550 1592 1594 1602 1626 1691 1720 1720 1747 1787 1790 1926 1927 1929 1952 1952 1962 1988 2079 2081 2111 2232 2238 2247 2287 2307 2310 2361 2399 2401 2411 2412 2414 2455 2462 2464 2494 2517 2523 2524 2547 2553 2590 2603 2645 2648 2665 2680 2709 2755 2793 2797 2804 2870 2871 2891 2898 2905 2925 2930 2935 2935 2978 2994 3011 3036 3063 3065 3087 3109 3134 3134 4148 4156 4165 4166 4174 4175 4176 4181 4186 4188 4194 4196 4197 4199 4201 4202 4208 4218 4220 4230 4231 4233 4240 4241 4243 4247 4248 4253 4254 4255 4260 4261 4262 4266 4267 4268 4269 4272 4273 4278 4280 4284 4289 4293 4296 4301 4302 4306 4308 4312 4313 4315 4316 4322 4324 4324 4325 4329 4330 4331 4332 4337 4338 4339 4340 4340 4341 4342 4345 4346 4348 4351 4352 4354 4355 4356 4357 4358 4359 4361 4362 4363 4364 4365 4366 4369 4370 4374 4375 4378 4379 4390 4391 4398 4425 8598 8740 8741 8746 8747 8748 8750 8754 8755 8756 8757 8759 8760 8761 8763 8764 8766 8769 8771 8772 8776 8800 8801 8802 8803 8804 8805 8806 8807 8808 8809 8810 8811 8812 8813 8814 8815 8816 8817 8818 8819 8820 8821 8822 8823 8826 8827 8827 8828 8828 8829 
	}
	weather={
	}
}
