
strategic_region={
	id=10
	name="Levant"
	provinces={
		80 107 578 894 894 1052 1097 1126 1191 1193 1262 1663 1739 1855 1960 1989 2008 2251 2304 2346 2434 2444 2482 2736 2751 2781 2796 2855 3003 3106 3116 3125 3985 4010 4012 4012 4031 4031 4033 4055 4060 4064 4084 4099 4099 4131 4138 4157 4161 4161 4177 4187 4189 4191 4198 4206 4215 4216 4226 4226 4234 4235 4249 4259 4274 4281 4297 4299 4319 8616 8617 8618 8619 8620 8621 8622 8623 8624 8625 8626 8627 8628 8629 8630 8631 8632 8633 8634 8635 8636 8637 8638 8639 8640 8641 8642 8643 8644 8645 8646 8647 8648 8649 8650 8651 8652 8653 8654 8655 8656 8657 8658 8659 8660 8661 8662 8663 8664 8665 8666 8667 8668 8669 8670 8671 8672 8673 8674 8675 8676 8677 
	}
	weather={
	}
}
