
strategic_region={
	id=12
	name="STRATEGICREGION_12"
	provinces={
		5175 5254 5375 5423 5459 5531 5627 5642 5813 5876 6015 6067 6117 6152 6237 6277 6280 6341 6397 6419 6441 6451 6459 6466 6472 6491 6529 6587 6592 6603 6629 6651 6677 6678 6682 6709 6710 6744 6823 6827 6877 6917 6953 6966 6974 6980 6988 7024 7059 7089 7093 7187 7212 7288 7290 7318 7362 7366 7367 7382 7392 7393 7402 7429 7502 7538 7545 7569 7584 7596 7605 7634 7639 7649 7685 7710 7728 7734 7737 7749 7775 7809 7855 7897 8078 8089 8090 8091 8094 8098 8100 8103 8108 8112 8115 8117 8118 8121 8125 8126 8128 8132 8133 8134 8139 8140 8142 8143 8145 8146 8151 8164 8169 
	}
	naval_terrain=water_deep_ocean
	weather={
	}
}
