
strategic_region={
	id=16
	name="STRATEGICREGION_16"
	provinces={
		4995 4997 4999 5001 5002 5004 5006 5008 5009 5010 5011 5012 5013 5015 5269 5314 5485 5570 5641 5657 5712 5759 5815 5853 5874 5894 6041 6103 6151 6215 6217 6258 6336 6356 6391 6423 6435 6449 6453 6534 6551 6579 6630 6642 6645 6686 6754 6794 6829 6833 6837 6899 6909 6915 6973 6995 7002 7058 7098 7109 7113 7151 7152 7158 7176 7195 7208 7220 7224 7230 7371 7389 7391 7403 7412 7433 7439 7448 7450 7459 7463 7485 7500 7514 7524 7534 7548 7570 7577 7579 7617 7622 7650 7672 7717 7723 7732 7735 7742 7748 7788 7798 7801 7834 7872 7876 7887 7889 8004 8005 8008 8018 8019 8022 8024 8027 8028 8032 8035 8037 8047 8051 8053 8059 8061 8064 8073 8074 8077 8080 8084 8104 8113 8120 
	}
	naval_terrain=water_fjords
	weather={
	}
}
