
strategic_region={
	id=18
	name="STRATEGICREGION_18"
	provinces={
		5033 5070 5192 5288 5376 5420 5425 5440 5493 5523 5565 5574 5623 5716 5746 5819 5848 5867 5902 5993 6063 6075 6087 6112 6135 6142 6145 6177 6203 6210 6261 6264 6273 6283 6345 6401 6404 6475 6499 6503 6525 6532 6538 6543 6557 6564 6571 6576 6631 6637 6663 6690 6691 6768 6810 6871 6875 6887 6890 6912 6940 6986 7048 7052 7111 7118 7131 7159 7201 7206 7226 7237 7317 7322 7351 7363 7381 7387 7400 7482 7483 7492 7497 7517 7544 7551 7599 7601 7602 7609 7644 7651 7676 7690 7695 7701 7711 7721 7729 7799 7815 7847 7853 7865 7869 7884 7891 7895 7911 7912 7913 7927 7935 7938 7947 7954 7958 7964 7965 7966 7967 7969 7972 7974 7975 7976 7977 7978 7981 7982 7984 7989 7991 7994 
	}
	naval_terrain=water_shallow_sea
	weather={
	}
}
