
strategic_region={
	id=2
	name="STRATEGICREGION_2"
	provinces={
		14 15 17 38 48 77 92 101 104 114 122 161 190 193 194 204 255 259 268 269 280 294 303 375 386 387 434 439 450 524 537 564 567 619 626 643 655 699 712 722 729 738 777 781 786 793 796 806 838 839 867 873 874 908 912 950 957 961 973 990 1001 1002 1004 1014 1018 1025 1027 1030 1034 1045 1055 1071 1075 1090 1121 1136 1174 1199 1211 1252 1289 1318 1337 1370 1379 1410 1414 1521 1551 1596 1625 1643 1675 1710 1733 1761 1778 1815 1841 1889 1890 1893 1928 1932 1939 1964 1968 1974 2014 2015 2023 2025 2047 2067 2082 2085 2090 2099 2114 2132 2174 2182 2210 2213 2279 2298 2343 2348 2406 2430 2435 2439 2463 2514 2538 2569 2579 2586 2606 2634 2662 2682 2693 2749 2766 2776 2782 2795 2818 2832 2837 2842 2845 2873 2920 2922 2929 2954 2976 2988 2993 3016 3020 3026 3032 3035 3055 3071 3077 3122 3127 4323 4347 4384 4399 4409 4436 4461 4479 4483 4502 4509 4537 4546 4547 4575 4609 4619 4625 4629 4637 4652 4692 4733 4761 4765 4782 4786 4794 4798 4799 4800 4801 4802 4803 4804 4806 4808 4809 4810 4811 4812 4813 4814 4815 4816 4817 4819 4820 4823 4824 4825 4826 4828 4829 4832 4833 4838 4840 4842 4843 4851 4854 4855 4856 4857 4858 4865 4867 4872 4875 4876 4878 4880 4881 4888 4889 4895 4898 4899 4900 4904 4905 4907 4908 4910 4911 4912 4916 4919 4920 4921 4924 4927 4928 4930 4932 4934 4936 4937 4938 4939 4948 4949 
	}
	weather={
	}
}
