
strategic_region={
	id=20
	name="STRATEGICREGION_20"
	provinces={
		5019 5180 5311 5482 5520 5533 5543 5555 5568 5573 5583 5591 5596 5634 5696 5725 5786 5801 5831 5832 5915 5924 5932 5956 6011 6023 6024 6050 6111 6127 6167 6181 6196 6244 6310 6318 6321 6324 6358 6405 6422 6436 6439 6530 6563 6566 6622 6676 6718 6719 6731 6770 6783 6784 6839 6842 6883 6896 6994 7017 7020 7060 7085 7117 7168 7182 7271 7284 7300 7316 7325 7336 7372 7398 7435 7469 7494 7512 7589 7595 7635 7662 7663 7667 7678 7747 7758 7762 7792 7805 7817 7827 7886 7901 8296 8309 8316 8317 8318 8320 8329 8338 8345 8352 8359 8361 8367 8375 8381 8386 8387 8393 8396 8400 8403 8412 8416 8421 8426 8431 8435 8439 8443 8446 8449 
	}
	naval_terrain=water_deep_ocean
	weather={
	}
}
