
strategic_region={
	id=21
	name="STRATEGICREGION_21"
	provinces={
		5075 5110 5272 5291 5328 5563 5610 5645 5705 5793 5806 5887 5909 5911 5933 5970 5979 6077 6124 6175 6189 6194 6201 6223 6266 6281 6296 6333 6352 6382 6387 6389 6394 6406 6429 6431 6485 6542 6550 6558 6621 6625 6634 6673 6756 6781 6812 6824 6831 6846 6852 6885 6898 6918 6996 7006 7011 7013 7039 7099 7134 7177 7203 7209 7217 7229 7240 7256 7263 7266 7268 7311 7347 7374 7383 7427 7487 7499 7522 7526 7531 7564 7566 7575 7621 7657 7705 7709 7715 7736 7776 7780 7797 7802 7806 7826 7844 7854 7882 7890 8405 8411 8414 8419 8423 8429 8430 8432 8433 8434 8440 8441 8444 8447 8448 8452 8458 8459 8460 8468 
	}
	naval_terrain=water_deep_ocean
	weather={
	}
}
