
strategic_region={
	id=22
	name="STRATEGICREGION_22"
	provinces={
		5090 5308 5321 5330 5360 5391 5505 5521 5578 5668 5678 5688 5780 5836 5986 5991 5998 6035 6040 6061 6108 6184 6204 6265 6270 6301 6322 6330 6446 6465 6565 6572 6660 6667 6669 6670 6699 6741 6743 6778 6844 6858 6865 6873 6880 6920 6946 6957 7015 7032 7040 7074 7146 7228 7247 7280 7298 7324 7326 7328 7360 7375 7476 7488 7553 7597 7614 7641 7642 7677 7697 7743 7789 7795 7830 7831 7832 7863 7896 8275 8283 8292 8315 8330 8340 8346 8351 8358 8363 8364 8368 8369 8372 8376 8380 8382 8384 8388 8391 8398 8399 8407 8408 8424 
	}
	naval_terrain=water_deep_ocean
	weather={
	}
}
