
strategic_region={
	id=24
	name="STRATEGICREGION_24"
	provinces={
		5066 5147 5356 5364 5465 5468 5510 5737 5763 5796 5803 5817 5858 5865 5948 5964 6002 6110 6125 6141 6195 6284 6297 6375 6418 6468 6476 6480 6508 6588 6647 6671 6672 6681 6734 6740 6788 6826 6834 6847 6853 6901 6921 6932 6939 6944 6948 6954 6962 7021 7046 7049 7053 7057 7082 7084 7128 7142 7192 7269 7309 7334 7335 7343 7345 7348 7350 7352 7357 7364 7401 7418 7441 7445 7452 7454 7527 7533 7556 7600 7631 7632 7645 7673 7699 7706 7707 7730 7771 7790 7794 7796 7804 7856 7871 7873 7881 7904 8186 8196 8202 8208 8210 8211 8218 8226 8227 8231 8236 8237 8238 8239 8240 8241 8242 8250 8252 8260 8264 8267 8269 8276 8278 8300 8303 8305 8306 
	}
	naval_terrain=water_shallow_sea
	weather={
	}
}
