
strategic_region={
	id=25
	name="STRATEGICREGION_25"
	provinces={
		26 29 205 330 348 356 357 364 415 481 488 536 552 572 582 625 664 666 682 728 731 736 778 827 845 884 900 927 933 998 1012 1088 1150 1170 1197 1222 1254 1274 1275 1283 1323 1334 1416 1468 1477 1494 1500 1505 1569 1591 1605 1612 1619 1653 1661 1685 1723 1740 1788 1875 1878 1921 1934 1958 1961 1965 1966 2012 2028 2031 2038 2118 2133 2143 2163 2206 2229 2234 2324 2377 2416 2470 2495 2513 2515 2527 2545 2602 2653 2752 2816 2827 2883 2895 2906 2981 3033 3054 4154 4155 4170 4173 4180 4185 4207 4214 4217 4222 4225 4238 4239 4252 4264 4265 4277 4288 4305 4317 4318 4334 4344 4350 4353 4367 4377 4380 4382 4383 4385 4386 4388 4392 4393 4395 4397 4401 4412 4417 4418 4420 4421 4424 4427 4429 4430 4431 4433 4434 4435 4439 4440 4444 4445 4446 4447 4449 4453 4455 4456 4457 4462 4463 4472 8599 8726 8727 8728 8729 8730 8731 8732 8733 8734 8735 8736 8737 8738 8739 8742 8743 8744 8745 8749 8751 8752 8753 8758 8762 8765 8767 8768 8770 8773 8774 8775 8777 8778 8779 8780 8781 8782 8783 8784 8785 8786 8787 8788 8794 8795 8796 8797 8798 8824 8825 
	}
	weather={
	}
}
