
strategic_region={
	id=26
	name="STRATEGICREGION_26"
	provinces={
		31 71 91 140 191 316 373 414 461 462 513 551 555 613 623 633 649 674 830 919 939 1006 1065 1120 1307 1363 1373 1375 1408 1503 1513 1522 1542 1572 1588 1599 1606 1621 1641 1859 1869 1874 1930 1943 1948 1973 2060 2093 2124 2128 2129 2158 2194 2196 2208 2252 2253 2264 2275 2342 2360 2362 2409 2485 2675 2703 2732 2834 2934 2982 3086 3120 3961 4027 4037 4046 4050 4069 4073 4074 4081 4095 4097 4108 4111 4113 4120 4123 4124 4129 4133 4137 4142 4149 4152 4162 4163 4167 4182 4190 4195 4209 4210 4211 4219 4223 4236 4256 4258 4282 4286 4294 4333 
	}
	weather={
	}
}
