
strategic_region={
	id=28
	name="STRATEGICREGION_28"
	provinces={
		10 127 155 331 380 399 451 477 579 665 794 801 802 1079 1105 1153 1203 1315 1319 1360 1406 1488 1528 1575 1586 1631 1634 1679 1692 1709 1716 1851 1963 2115 2137 2144 2165 2166 2180 2185 2188 2217 2339 2353 2384 2420 2472 2473 2655 2679 2719 2848 2869 2877 2880 2904 2944 2991 3111 3118 3728 3729 3748 3784 3787 3793 3799 3805 3810 3811 3813 3825 3828 3832 3836 3842 3848 3849 3851 3853 3861 3869 3871 3880 3885 3898 3902 3910 3913 3917 3918 3920 3927 3932 3933 3934 3944 3949 3959 3970 3971 3974 3979 3982 3992 3995 4003 4004 4005 4006 4013 4014 4015 4022 4024 4028 4034 4035 4040 4041 4044 4049 4072 4080 4086 4090 
	}
	weather={
	}
}
