
strategic_region={
	id=30
	name="STRATEGICREGION_30"
	provinces={
		84 182 254 291 404 406 407 421 469 482 561 580 593 605 766 770 815 822 893 936 988 1073 1108 1209 1310 1312 1332 1413 1433 1466 1499 1515 1520 1533 1553 1585 1587 1644 1785 1792 1801 1852 1853 1861 1883 1898 1950 1970 2032 2138 2177 2204 2248 2337 2340 2364 2442 2474 2533 2534 2629 2658 2723 2725 2802 2812 2835 2911 2947 2975 2995 3002 3017 3027 3052 3082 3098 3114 3124 3462 3464 3469 3481 3482 3490 3493 3502 3518 3524 3525 3536 3537 3541 3550 3551 3555 3564 3568 3574 3579 3584 3592 3596 3599 3601 3603 3608 3610 3614 3620 3624 3642 3643 3650 3652 3653 3656 3657 3668 3676 3677 3692 3694 3695 3703 3736 3762 3764 3766 3769 3788 3806 3808 3814 3815 3816 3829 3833 3837 3859 8475 
	}
	weather={
	}
}
