
strategic_region={
	id=31
	name="STRATEGICREGION_31"
	provinces={
		47 108 113 296 353 459 489 574 588 787 828 899 1227 1231 1235 1301 1338 1385 1424 1630 1724 1827 1903 1915 1978 2045 2068 2160 2179 2190 2241 2301 2321 2326 2496 2564 2627 2659 2720 2734 2735 2914 3076 3433 3461 3495 3531 3561 3589 3602 3616 3621 3625 3633 3645 3661 3665 3674 3684 3696 3704 3709 3710 3716 3722 3732 3739 3751 3768 3777 3790 3824 8478 8480 8481 8482 8486 8488 8493 8495 8502 8509 8510 8511 8514 8519 8525 8527 8536 8537 8539 8540 8541 8545 8547 8551 8554 8555 8556 8557 8560 8562 8563 8564 8565 8566 8567 8568 8569 8570 8571 8572 8573 8574 8575 8576 8577 8578 8579 8580 8581 8582 8589 
	}
	weather={
	}
}
