
strategic_region={
	id=33
	name="STRATEGICREGION_33"
	provinces={
		6 144 221 302 349 560 604 681 701 732 771 951 1035 1047 1072 1165 1207 1280 1439 1470 1573 1659 1666 1672 1696 1756 1799 1806 1813 1836 1882 1894 1899 1975 2056 2104 2109 2151 2371 2396 2427 2467 2526 2548 2577 2607 2624 2712 2713 2805 2810 2826 2865 2875 2968 2984 3029 3049 3053 3494 3510 3542 3560 3570 3578 3587 3600 3611 3612 3613 3628 3631 3632 3634 3644 3648 3651 3654 3664 3669 3670 3672 3673 3680 3681 3682 3683 3687 3688 3689 3698 3699 3702 3705 3712 3713 3714 3717 3721 3724 3725 3726 3734 3737 3738 3742 3743 3744 3746 3779 8513 8515 8516 8517 8518 8520 8521 8522 8523 8524 8526 8528 8529 8530 8531 8532 8533 8534 8535 8538 8542 8543 8544 8546 8548 8549 8550 8552 8553 8558 8559 8561 8588 
	}
	weather={
	}
}
