
strategic_region={
	id=34
	name="STRATEGICREGION_34"
	provinces={
		97 132 179 237 343 368 378 470 499 538 546 650 703 829 853 863 940 1210 1242 1251 1292 1391 1392 1423 1475 1485 1510 1531 1580 1595 1603 1726 1829 1843 1867 1871 1887 1897 2013 2041 2136 2181 2200 2242 2256 2258 2259 2270 2329 2393 2402 2413 2421 2423 2426 2450 2466 2477 2478 2530 2574 2578 2605 2609 2677 2690 2799 2831 2843 2866 2884 2913 2955 2958 2998 3012 3023 3030 3075 3091 3094 3132 3138 3731 3735 3752 3754 3757 3758 3763 3767 3770 3771 3772 3774 3781 3782 3783 3789 3795 3801 3802 3803 3807 3809 3812 3817 3818 3821 3830 3834 3838 3839 3843 3844 3847 3852 3854 3855 3856 3858 3863 3865 3866 3874 3875 3876 3877 3882 3886 3887 3888 3891 3896 3897 3899 3901 3906 3907 3911 3912 3915 3922 3923 3930 3935 3941 3942 3946 3951 3954 3956 3957 3958 3965 3977 3996 4000 4001 4030 4077 4106 8507 8508 
	}
	weather={
	}
}
