
strategic_region={
	id=35
	name="STRATEGICREGION_35"
	provinces={
		82 183 198 208 219 290 295 297 306 365 422 442 456 458 545 566 639 652 660 709 718 754 767 784 808 860 915 1116 1143 1145 1186 1253 1285 1304 1305 1326 1343 1347 1352 1378 1467 1543 1558 1562 1583 1601 1604 1615 1624 1667 1708 1741 1796 1884 1920 1942 1980 2053 2054 2063 2140 2141 2220 2233 2261 2296 2330 2359 2366 2483 2519 2535 2550 2565 2628 2656 2743 2780 2836 2839 2857 2896 2928 2948 2957 3008 3009 3034 3050 3078 3131 3778 3794 3800 3823 3846 3857 3860 3862 3872 3873 3881 3883 3890 3895 3900 3903 3905 3914 3921 3925 3926 3928 3929 3940 3945 3950 3952 3955 3960 3962 3966 3975 3976 3981 3984 3986 3999 4011 4016 4025 4029 4036 4045 4047 4053 4056 4057 4065 4100 4183 4275 
	}
	weather={
	}
}
