
strategic_region={
	id=37
	name="STRATEGICREGION_37"
	provinces={
		129 162 213 658 734 752 762 948 955 970 996 1026 1064 1070 1117 1124 1144 1348 1383 1547 1622 1698 1713 1722 1738 1750 1907 1913 1933 1940 1981 2070 2105 2110 2117 2154 2155 2172 2218 2231 2262 2322 2395 2400 2405 2457 2465 2528 2559 2593 2601 2637 2649 2689 2757 2767 2778 2783 2861 2959 2986 3079 3993 4002 4017 4023 4026 4032 4038 4051 4052 4058 4059 4062 4063 4066 4068 4076 4082 4085 4087 4088 4093 4094 4096 4101 4105 4109 4115 4116 4121 4127 4132 4134 4135 4141 4143 4145 4146 4147 4151 4153 4158 4184 4192 4203 4205 4212 4227 4250 4283 8506 
	}
	weather={
	}
}
