
strategic_region={
	id=38
	name="STRATEGICREGION_38"
	provinces={
		1 2 16 24 25 28 33 40 58 61 68 69 70 73 74 119 128 138 139 143 153 154 164 177 187 192 203 211 220 223 226 242 245 247 248 250 251 253 267 270 275 283 286 287 292 293 309 313 318 325 336 341 345 351 369 383 385 390 392 395 405 410 423 427 428 448 449 452 457 474 483 484 487 492 501 507 518 523 525 526 547 548 553 557 559 563 570 573 583 591 592 595 598 599 606 618 629 637 640 646 654 656 661 669 671 678 707 733 741 744 746 747 749 755 758 761 763 769 791 795 800 810 813 819 821 832 834 836 842 843 850 851 856 865 868 869 870 877 904 906 917 928 938 943 947 962 966 971 972 979 986 993 997 1011 1013 1028 1029 1038 1040 1054 1063 1069 1082 1094 1103 1111 1112 1122 1134 1137 1142 1148 1156 1161 1166 1202 1218 1219 1223 1238 1246 1257 1266 1267 1268 1269 1313 1322 1331 1350 1353 1355 1381 1389 1390 1393 1396 1399 1419 1429 1434 1435 1438 1442 1450 1462 1465 1478 1479 1497 1501 1537 1552 1554 1568 1576 1577 1578 1579 1600 1613 1618 1629 1648 1674 1678 1682 1686 1693 1717 1736 1749 1752 1755 1762 1763 1774 1804 1811 1812 1819 1821 1831 1832 1840 1842 1847 1910 1937 1947 1951 1983 1991 1995 2004 2011 2021 2027 2029 2030 2039 2048 2064 2083 2084 2087 2095 2096 2098 2122 2125 2170 2173 2175 2178 2193 2195 2214 2226 2239 2250 2260 2265 2266 2282 2288 2289 2292 2294 2305 2306 2314 2315 2317 2319 2320 2323 2325 2328 2334 2336 2344 2351 2355 2389 2392 2408 2415 2432 2443 2449 2469 2491 2511 2522 2549 2554 2618 2638 2647 2667 2669 2673 2711 2728 2733 2785 2800 2815 2817 2819 2828 2829 2833 2860 2864 2867 2882 2892 2907 2931 2949 2961 2966 2990 3004 3018 3046 3059 3070 3105 3107 3112 3119 3128 3129 3135 3136 3331 3337 3353 3361 3363 3364 3369 3373 3380 3386 3389 3390 3395 3400 3403 3405 3409 3410 3414 3421 3422 3431 3435 3440 3446 3453 3455 3459 3463 3467 3468 3492 3504 3505 3522 3523 3540 3567 3609 3619 3623 3646 3750 3819 3840 3908 3931 3937 3938 3943 3947 3953 3978 3983 4007 4021 4075 4092 4107 4119 4160 4232 4245 4263 4279 4285 4295 4298 4310 4311 4335 4343 4360 4371 4372 4373 4394 4402 4403 4404 4405 4407 4408 4410 4413 4414 4415 4416 4419 4422 4426 4428 4432 4437 4438 4441 4442 4443 4450 4454 4458 4460 4464 4466 4467 4469 4473 4475 4481 4489 4491 4494 4495 4498 4499 4505 4510 4516 4518 4520 4527 4534 4536 4538 4539 4542 4543 4545 4549 4563 4566 4568 
	}
	weather={
	}
}
