
strategic_region={
	id=39
	name="STRATEGICREGION_39"
	provinces={
		54 66 87 137 188 202 299 323 324 334 354 355 372 412 444 463 495 503 520 531 540 541 543 602 607 630 663 675 679 704 742 743 759 788 814 817 840 886 890 898 944 977 1007 1010 1032 1043 1083 1086 1104 1131 1172 1206 1214 1245 1277 1294 1306 1324 1341 1367 1369 1374 1394 1395 1403 1426 1463 1473 1474 1491 1519 1559 1611 1638 1640 1655 1664 1668 1677 1689 1690 1694 1729 1735 1766 1807 1837 1860 1862 1886 1918 1967 2017 2035 2040 2069 2077 2088 2091 2121 2130 2147 2152 2197 2205 2207 2212 2227 2237 2316 2350 2354 2363 2368 2378 2422 2447 2453 2484 2488 2516 2529 2573 2576 2610 2631 2632 2652 2670 2774 2777 2787 2792 2813 2824 2851 2856 2885 2889 2893 2918 2937 2943 2945 2946 2953 2956 2964 2974 2977 3021 3024 3031 3037 3064 3083 3097 3139 3381 3388 3397 3404 3408 3412 3413 3417 3425 3426 3434 3438 3441 3442 3443 3444 3450 3454 3457 3458 3466 3471 3472 3474 3477 3478 3480 3483 3484 3485 3488 3489 3491 3496 3497 3498 3500 3506 3507 3508 3509 3512 3513 3514 3515 3516 3517 3519 3521 3527 3528 3529 3532 3533 3534 3535 3539 3544 3545 3546 3547 3548 3549 3552 3553 3554 3557 3562 3563 3565 3566 3569 3571 3572 3573 3575 3576 3577 3581 3582 3583 3588 3590 3591 3593 3594 3595 3597 3598 3605 3606 3607 3618 3626 3629 3630 3635 3636 3637 3639 3659 3662 3685 3693 3697 3707 3711 3719 3720 3727 3740 3745 3759 3761 3785 3786 3827 
	}
	weather={
	}
}
