
strategic_region={
	id=4
	name="STRATEGICREGION_4"
	provinces={
		186 282 363 389 416 727 753 835 837 980 989 1087 1115 1127 1130 1195 1212 1244 1314 1400 1455 1555 1581 1589 1614 1633 1642 1727 1776 1816 1848 1857 1881 1891 1904 1905 1931 2036 2055 2058 2162 2244 2254 2271 2272 2277 2347 2381 2441 2497 2539 2599 2688 2798 2926 2962 2996 3047 4406 4411 4448 4451 4452 4459 4465 4474 4485 4504 4508 4517 4544 4565 4577 4579 4588 4589 4604 4608 4614 4626 4630 4631 4633 4634 4638 4639 4642 4647 4648 4656 4659 4660 4667 4681 4693 4699 4700 4704 4716 4718 4729 4740 4741 4747 4749 
	}
	weather={
	}
}
