
strategic_region={
	id=40
	name="STRATEGICREGION_40"
	provinces={
		8 53 109 158 169 185 227 233 243 257 310 359 377 388 435 465 478 505 517 522 530 534 568 569 571 575 608 644 685 690 698 714 730 760 774 783 820 825 831 858 871 875 876 878 883 914 925 949 952 968 976 991 1050 1080 1089 1098 1114 1118 1155 1208 1250 1291 1308 1345 1346 1351 1382 1386 1397 1407 1428 1437 1441 1447 1452 1460 1508 1509 1561 1566 1570 1607 1649 1680 1684 1701 1737 1754 1769 1781 1789 1825 1835 1873 1986 2003 2006 2009 2022 2057 2072 2073 2086 2101 2123 2134 2142 2161 2199 2215 2219 2300 2333 2335 2375 2390 2456 2461 2510 2583 2591 2616 2621 2635 2636 2650 2651 2657 2666 2668 2676 2685 2686 2692 2698 2707 2716 2718 2763 2788 2794 2808 2822 2890 2950 2967 2972 3005 3007 3043 3044 3048 3056 3069 3096 3113 3137 3543 3604 3617 3649 3666 3671 3690 3700 3718 3723 3730 3733 3755 3765 3773 3775 3776 3780 3796 3798 3804 3822 3826 3831 3835 3841 3850 3864 3867 3870 3878 3884 3889 3892 3893 3894 3904 3916 3919 3924 3936 3948 3963 3964 3967 3968 3969 3972 3973 3980 3987 3988 3989 3990 3991 3994 3997 3998 4008 4009 4018 4019 4020 4039 4042 4043 4048 4054 4061 4067 4070 4071 4078 4079 4083 4089 4091 4098 4102 4103 4104 4110 4112 4114 4117 4118 4122 4125 4126 4128 4130 4136 4139 4140 4144 4150 4159 4164 4168 4169 4171 4172 4179 4193 4200 8483 8487 8512 
	}
	weather={
	}
}
