
strategic_region={
	id=41
	name="STRATEGICREGION_41"
	provinces={
		63 141 171 231 261 272 301 516 527 601 688 745 1017 1068 1074 1163 1164 1167 1221 1279 1325 1372 1401 1411 1440 1457 1489 1504 1507 1512 1654 1673 1748 1803 1834 1846 1984 2001 2230 2263 2365 2391 2475 2501 2505 2580 2594 2598 2600 2630 2710 2727 2730 2779 2888 3067 3068 3104 3294 3296 3314 3315 3322 3326 3335 3344 3360 3370 3382 3387 3420 3428 3503 8477 8479 8484 8485 8489 8490 8491 8492 8494 8496 8497 8498 8499 8500 8501 8503 8504 8505 
	}
	weather={
	}
}
