
strategic_region={
	id=45
	name="STRATEGICREGION_45"
	provinces={
		93 100 157 178 196 217 260 274 281 300 317 352 379 396 425 440 460 466 498 539 550 590 596 631 672 723 737 756 772 789 804 818 824 956 969 1023 1024 1048 1085 1135 1139 1152 1178 1179 1200 1225 1232 1234 1297 1327 1365 1487 1492 1495 1571 1598 1683 1707 1771 1775 1780 1783 1817 1854 1866 1870 1919 1923 1982 1987 1990 2043 2094 2097 2127 2145 2202 2225 2243 2290 2295 2299 2345 2356 2383 2385 2437 2544 2722 2724 2741 2742 2770 2775 2821 2858 2916 2927 2940 2952 2963 2999 3010 3013 3042 3081 3126 3141 3220 3223 3229 3233 3240 3241 3242 3245 3246 3249 3252 3254 3255 3258 3260 3262 3263 3265 3266 3268 3269 3270 3274 3275 3277 3278 3279 3280 3281 3283 3284 3288 3289 3290 3291 3295 3297 3299 3302 3303 3307 3324 3325 3338 3340 3347 3374 3377 3378 3379 3396 3401 3416 3423 3475 3499 3501 3511 4994 4996 5014 7999 8600 8601 8604 
	}
	weather={
	}
}
