
strategic_region={
	id=46
	name="STRATEGICREGION_46"
	provinces={
		52 78 83 103 136 210 277 401 409 446 511 519 600 612 615 645 687 719 735 748 750 833 882 889 897 974 987 1046 1171 1205 1243 1265 1296 1344 1387 1388 1402 1418 1425 1436 1453 1511 1560 1662 1670 1702 1706 1797 1911 1917 1944 1969 2000 2016 2044 2107 2108 2139 2291 2309 2445 2480 2481 2493 2617 2696 2748 2771 2789 2825 2912 2921 2951 3006 3146 3148 3149 3151 3156 3158 3167 3185 3189 3192 3194 3195 3198 3200 3202 3209 3210 3215 3216 3217 3218 3219 3221 3232 3235 3236 3239 3247 3250 3251 3253 3256 3267 3276 3286 
	}
	weather={
	}
}
