
strategic_region={
	id=47
	name="STRATEGICREGION_47"
	provinces={
		60 67 89 116 224 235 265 279 305 342 475 510 529 585 586 694 705 780 797 807 888 921 984 985 994 1016 1041 1158 1256 1288 1293 1349 1357 1366 1412 1422 1469 1471 1490 1518 1530 1544 1545 1563 1574 1597 1728 1765 1768 1798 1822 1823 1826 1896 1906 1941 2026 2074 2076 2113 2189 2201 2221 2278 2312 2369 2418 2429 2438 2446 2487 2499 2532 2558 2561 2608 2615 2619 2623 2646 2715 2760 2917 2936 3019 3022 3115 3298 3301 3304 3306 3308 3313 3316 3323 3329 3330 3333 3334 3339 3346 3348 3349 3350 3354 3356 3358 3359 3362 3371 3372 3375 3383 3392 3394 3398 3411 3415 3418 3419 3424 3427 3429 3430 3432 3436 3445 3447 3448 3449 3451 3452 3456 3460 3473 3479 3530 
	}
	weather={
	}
}
