
strategic_region={
	id=49
	name="STRATEGICREGION_49"
	provinces={
		18 43 59 64 105 126 145 152 167 172 181 212 236 304 307 320 367 408 430 431 443 472 476 496 509 581 584 609 614 620 628 632 668 683 689 697 702 721 751 799 803 932 937 945 946 959 978 992 1078 1101 1133 1141 1157 1160 1181 1182 1183 1188 1192 1241 1247 1259 1261 1263 1298 1299 1309 1321 1335 1342 1356 1384 1417 1421 1443 1444 1449 1486 1502 1506 1516 1538 1556 1636 1647 1671 1681 1688 1703 1712 1715 1721 1725 1744 1758 1759 1784 1802 1805 1828 1838 1864 1892 1936 1949 1955 1971 2119 2135 2293 2349 2486 2503 2506 2508 2537 2562 2588 2592 2596 2612 2614 2660 2764 2784 2806 2820 2840 2850 2859 2886 2915 2939 2989 2992 3001 3040 3066 3084 3102 4940 4942 4943 4944 4946 4947 4950 4951 4952 4953 4954 4955 4956 4957 4958 4959 4960 4961 4962 4963 4964 4965 4966 4967 4968 4969 4970 4971 4972 4973 4974 4975 4976 4977 4978 4979 4980 4981 4982 4983 4984 4985 4986 4987 4988 4989 4990 4991 4992 
	}
	weather={
	}
}
