
strategic_region={
	id=50
	name="STRATEGICREGION_50"
	provinces={
		5024 5029 5031 5036 5038 5040 5041 5046 5056 5060 5062 5063 5065 5079 5089 5105 5106 5107 5109 5112 5115 5118 5124 5126 5128 5132 5138 5145 5146 5148 5151 5153 5159 5164 5170 5177 5186 5193 5196 5204 5206 5212 5216 5218 5222 5223 5238 5257 5295 5296 5300 5301 5302 5334 5336 5338 5340 5354 5369 5370 5377 5379 5382 5386 5392 5393 5398 5404 5415 5416 5418 5422 5424 5426 5427 5432 5438 5439 5455 5456 5471 5472 5478 5479 5483 5486 5494 5496 5498 5501 5504 5516 5525 5534 5537 5539 5541 5548 5554 5556 5557 5558 5560 5571 5575 5576 5588 5593 5595 5598 5605 5608 5617 5619 5622 5625 5628 5636 5650 5651 5652 5658 5660 5671 5673 5674 5679 5681 5694 5697 5718 5729 5735 5756 5758 5761 5767 5774 5776 5787 5792 5821 5830 5841 5843 5847 5851 5864 5873 5881 5882 5883 5893 5898 5905 5907 5921 5927 5931 5935 5943 5944 5949 5951 5953 5957 5967 5968 5972 5974 5985 5988 5992 5994 5997 6004 6006 6008 6016 6033 6043 6044 6053 6057 6082 6092 6101 6107 6109 6113 6114 6115 6120 6154 6164 6170 6186 6206 6207 6216 6232 6241 6255 6272 6288 6289 6291 6292 6306 6313 6325 6327 6331 6342 6351 6360 6362 6363 6367 6370 6372 6381 6384 6399 6414 6415 6424 6426 6428 6433 6440 6448 6455 6460 6464 6469 6470 6471 6474 6479 6482 6488 6507 6511 6520 6522 6524 6526 6527 6531 6536 6548 6549 6560 6567 6575 6577 6578 6582 6595 6599 6601 6608 6640 6659 6687 6697 6707 6722 6736 6746 6752 6765 6775 6776 6780 6790 6797 6799 6800 6803 6807 6809 6816 6850 6856 6925 6931 6935 6937 6950 6952 6964 6968 6977 6978 6990 7019 7023 7041 7043 7045 7056 7070 7079 7088 7091 7095 7097 7125 7130 7136 7138 7148 7154 7155 7181 7190 7207 7215 7216 7219 7238 7239 7250 7255 7270 7272 7273 7304 7327 7349 7354 7399 7405 7410 7413 7416 7422 7430 7447 7457 7467 7471 7473 7474 7537 7554 7555 7565 7603 7604 7611 7618 7627 7640 7648 7654 7669 7670 7681 7694 7696 7704 7714 7719 7752 7767 7769 7777 7800 7808 7816 7835 7841 7857 7874 7893 7907 7908 7909 7910 7926 7931 7933 7937 7940 7941 7945 7951 7952 7955 7956 7961 7962 7973 7980 7983 7985 7986 7988 7993 7995 8011 8072 8075 8086 8096 8099 8107 8119 8127 8141 8156 8167 8173 8180 8191 8206 8214 8215 8220 8224 8229 
	}
	weather={
	}
}
