
strategic_region={
	id=51
	name="STRATEGICREGION_51"
	provinces={
		5022 5032 5035 5037 5042 5044 5051 5053 5054 5057 5064 5068 5069 5071 5073 5078 5080 5083 5084 5086 5096 5102 5117 5119 5123 5127 5129 5131 5140 5154 5157 5166 5168 5169 5171 5173 5176 5178 5179 5187 5194 5198 5199 5202 5207 5209 5213 5214 5217 5219 5232 5234 5236 5237 5240 5241 5242 5244 5245 5247 5248 5249 5250 5255 5256 5258 5259 5260 5263 5265 5268 5273 5274 5275 5278 5279 5280 5281 5293 5297 5305 5307 5312 5313 5323 5331 5341 5342 5344 5345 5349 5350 5352 5358 5362 5363 5367 5385 5397 5399 5400 5402 5405 5409 5410 5411 5413 5414 5419 5428 5429 5431 5433 5437 5447 5448 5449 5451 5454 5457 5463 5469 5474 5477 5495 5502 5503 5506 5509 5513 5517 5524 5526 5527 5528 5532 5538 5549 5552 5564 5569 5579 5580 5584 5586 5599 5604 5611 5616 5620 5621 5624 5629 5631 5632 5633 5639 5646 5654 5655 5662 5667 5685 5686 5695 5698 5702 5703 5708 5709 5710 5711 5722 5727 5728 5730 5740 5741 5743 5745 5747 5750 5752 5755 5757 5762 5766 5771 5772 5777 5783 5784 5805 5811 5814 5816 5825 5826 5827 5834 5837 5838 5840 5842 5845 5857 5861 5863 5866 5872 5877 5885 5886 5888 5889 5892 5896 5900 5906 5916 5918 5922 5934 5946 5960 5965 5966 5973 5990 5999 6003 6012 6017 6020 6021 6022 6025 6028 6029 6036 6048 6049 6051 6052 6054 6062 6071 6072 6074 6076 6080 6085 6086 6091 6093 6096 6098 6099 6100 6104 6122 6126 6128 6130 6132 6133 6136 6140 6143 6146 6147 6149 6153 6161 6165 6169 6171 6174 6182 6183 6187 6191 6197 6205 6211 6213 6214 6219 6221 6224 6235 6242 6243 6245 6247 6252 6260 6267 6268 6271 6274 6294 6298 6299 6300 6308 6314 6315 6316 6317 6339 6340 6343 6344 6346 6347 6349 6350 6357 6361 6365 6366 6369 6371 6376 6380 6386 6393 6395 6396 6409 6425 6430 6437 6444 6445 6447 6452 6456 6461 6477 6481 6483 6493 6496 6497 6502 6509 6516 6519 6533 6539 6540 6544 6545 6546 6555 6556 6559 6562 6568 6583 6586 6594 6596 6597 6598 6605 6611 6619 6626 6635 6639 6643 6652 6653 6654 6656 6658 6674 6675 6679 6680 6685 6688 6698 6702 6715 6716 6723 6727 6730 6735 6748 6750 6751 6758 6760 6762 6764 6769 6772 6777 6791 6798 6802 6820 6822 6828 6830 6836 6838 6854 6864 6870 6874 6878 6886 6897 6903 6905 6906 6913 6922 6943 6947 6956 6958 6960 6961 6967 6971 6979 6981 6989 6991 6993 6997 6998 7007 7012 7018 7022 7028 7031 7037 7042 7055 7064 7073 7077 7078 7080 7090 7092 7100 7101 7103 7105 7107 7112 7114 7126 7127 7129 7135 7139 7140 7143 7145 7150 7162 7170 7178 7183 7184 7196 7199 7211 7213 7214 7218 7231 7235 7243 7276 7277 7279 7281 7283 7287 7291 7295 7297 7302 7310 7323 7329 7330 7331 7341 7344 7365 7368 7378 7380 7388 7394 7407 7426 7431 7434 7440 7444 7446 7455 7461 7468 7480 7481 7490 7498 7501 7506 7508 7511 7525 7547 7550 7552 7557 7561 7563 7572 7581 7582 7591 7594 7606 7620 7629 7656 7660 7675 7680 7684 7686 7687 7691 7692 7700 7720 7731 7739 7740 7751 7755 7757 7766 7772 7784 7787 7793 7807 7813 7819 7820 7839 7845 7849 7866 7879 7905 8154 8155 8170 8177 8178 8184 8189 8190 8192 8197 8200 8204 8212 8217 8225 8230 8246 8248 8263 8265 8266 8279 8288 8289 8294 8299 8302 8304 8307 8311 8313 8314 8324 8325 8327 8331 8332 8333 8334 8335 8336 8337 8339 8341 8342 8343 8344 8347 8348 8349 8350 8353 8354 8355 8356 8357 8360 8362 8365 8366 8370 8371 8383 8385 8390 8392 8394 8397 8402 8406 8413 8415 8418 8422 8425 8428 8436 8438 8450 8451 8453 8454 8456 8457 8461 8462 8463 8465 8467 8469 8471 
	}
	weather={
	}
}
