
strategic_region={
	id=52
	name="STRATEGICREGION_52"
	provinces={
		5020 5021 5025 5026 5028 5030 5034 5047 5048 5049 5052 5055 5058 5059 5067 5072 5074 5082 5085 5088 5095 5100 5103 5104 5111 5120 5122 5125 5130 5133 5139 5141 5142 5143 5149 5150 5152 5158 5160 5161 5167 5188 5191 5195 5197 5203 5205 5208 5225 5226 5227 5231 5233 5251 5253 5264 5266 5276 5283 5286 5292 5310 5324 5326 5327 5329 5332 5333 5337 5343 5346 5351 5355 5366 5368 5371 5373 5384 5387 5389 5394 5395 5401 5403 5408 5421 5430 5436 5441 5442 5444 5446 5458 5461 5467 5473 5475 5480 5484 5490 5491 5497 5500 5507 5508 5512 5515 5519 5522 5535 5536 5540 5546 5547 5553 5562 5566 5567 5572 5577 5587 5592 5594 5606 5612 5613 5614 5615 5618 5637 5638 5643 5647 5649 5659 5664 5669 5675 5682 5687 5689 5700 5704 5714 5719 5723 5726 5732 5744 5760 5765 5768 5773 5778 5779 5781 5782 5788 5799 5800 5802 5804 5808 5810 5812 5818 5822 5823 5828 5829 5833 5835 5839 5844 5849 5854 5855 5862 5870 5875 5879 5904 5908 5919 5920 5926 5929 5937 5939 5941 5945 5952 5955 5958 5962 5977 5981 5982 5983 5984 5996 6000 6007 6013 6014 6018 6032 6037 6045 6058 6059 6088 6089 6118 6137 6156 6157 6163 6172 6178 6180 6185 6188 6199 6202 6227 6228 6229 6236 6240 6249 6250 6251 6254 6259 6262 6263 6269 6276 6285 6287 6293 6295 6302 6304 6309 6332 6335 6348 6353 6364 6374 6377 6378 6390 6403 6411 6420 6432 6438 6443 6450 6457 6473 6478 6486 6489 6495 6501 6506 6510 6518 6521 6537 6547 6552 6561 6581 6593 6600 6602 6606 6609 6618 6620 6623 6628 6636 6638 6649 6650 6662 6664 6665 6693 6695 6705 6708 6725 6726 6729 6742 6749 6753 6766 6773 6787 6793 6795 6808 6819 6832 6848 6872 6876 6881 6884 6893 6911 6919 6927 6929 6945 6969 6983 6992 7004 7005 7009 7014 7016 7033 7038 7044 7047 7050 7054 7066 7072 7119 7121 7149 7171 7172 7173 7197 7198 7202 7221 7222 7223 7234 7241 7245 7252 7275 7278 7292 7293 7296 7307 7308 7314 7333 7346 7358 7404 7408 7409 7414 7415 7419 7420 7424 7451 7462 7477 7478 7486 7491 7504 7505 7507 7520 7521 7523 7528 7542 7549 7583 7586 7598 7616 7619 7624 7625 7647 7659 7679 7688 7713 7725 7727 7741 7746 7753 7811 7814 7825 7833 7838 7861 7864 7868 7906 8183 8216 8222 8228 8232 8235 8245 8247 8249 8254 8256 8257 8259 8261 8262 8268 8274 8280 8282 8284 8287 8321 8322 8323 8326 8328 8373 8374 8377 8378 8379 8389 8395 8401 8404 8409 8410 8417 8420 8427 8437 8442 8445 8455 8464 8466 8470 8472 
	}
	weather={
	}
}
