
strategic_region={
	id=53
	name="STRATEGICREGION_53"
	provinces={
		5023 5027 5039 5043 5045 5050 5061 5076 5077 5081 5087 5092 5093 5094 5097 5098 5099 5101 5108 5113 5114 5116 5121 5134 5136 5137 5144 5155 5156 5162 5163 5165 5172 5174 5181 5182 5184 5185 5189 5190 5200 5210 5211 5220 5221 5228 5229 5230 5235 5239 5243 5246 5261 5262 5267 5270 5271 5277 5282 5284 5285 5287 5289 5290 5294 5298 5299 5303 5304 5306 5309 5315 5316 5317 5318 5319 5320 5322 5325 5335 5339 5347 5348 5353 5357 5359 5361 5365 5372 5378 5380 5381 5383 5388 5390 5406 5407 5412 5434 5435 5443 5445 5450 5452 5453 5460 5462 5464 5466 5476 5481 5488 5489 5492 5499 5518 5530 5542 5544 5545 5551 5559 5561 5581 5582 5585 5589 5597 5600 5602 5603 5607 5626 5630 5635 5640 5644 5648 5653 5656 5661 5663 5670 5672 5677 5680 5684 5690 5692 5693 5701 5706 5707 5713 5717 5720 5721 5731 5733 5736 5738 5739 5749 5753 5754 5764 5769 5770 5775 5785 5789 5790 5791 5794 5795 5797 5798 5807 5809 5824 5850 5868 5869 5871 5880 5884 5890 5897 5899 5901 5903 5910 5912 5913 5914 5917 5923 5925 5928 5930 5938 5940 5942 5950 5961 5963 5969 5971 5975 5976 5978 5980 5989 5995 6005 6010 6019 6026 6027 6030 6031 6034 6038 6039 6046 6047 6055 6056 6060 6064 6065 6066 6069 6070 6078 6079 6081 6083 6094 6102 6105 6106 6116 6119 6121 6123 6129 6131 6138 6144 6148 6150 6155 6158 6159 6160 6168 6176 6179 6190 6192 6193 6198 6200 6208 6212 6218 6220 6222 6225 6226 6230 6231 6233 6246 6248 6253 6256 6278 6279 6282 6290 6303 6305 6307 6311 6312 6319 6320 6323 6326 6328 6334 6338 6355 6373 6379 6383 6388 6398 6400 6407 6410 6417 6421 6427 6442 6458 6462 6463 6467 6484 6487 6490 6498 6504 6505 6512 6515 6517 6523 6535 6541 6553 6554 6569 6570 6574 6580 6584 6590 6591 6604 6607 6610 6612 6615 6616 6624 6627 6633 6644 6655 6657 6661 6689 6692 6696 6700 6706 6714 6720 6721 6732 6733 6737 6745 6747 6763 6767 6771 6774 6779 6782 6785 6786 6789 6792 6796 6801 6804 6805 6806 6814 6815 6817 6818 6821 6840 6841 6843 6845 6849 6851 6855 6860 6863 6866 6868 6879 6882 6888 6891 6894 6895 6900 6904 6907 6910 6926 6928 6930 6933 6934 6936 6942 6949 6955 6963 6970 6972 6976 6982 6984 6987 7001 7008 7026 7027 7030 7034 7051 7061 7062 7063 7067 7068 7081 7083 7086 7087 7094 7102 7104 7115 7116 7122 7123 7133 7141 7153 7156 7157 7163 7166 7167 7169 7175 7179 7186 7189 7191 7193 7194 7200 7204 7227 7232 7236 7248 7253 7254 7257 7259 7261 7262 7264 7265 7267 7289 7294 7299 7301 7306 7313 7321 7332 7337 7339 7342 7355 7359 7369 7370 7376 7384 7385 7386 7396 7406 7425 7432 7437 7438 7442 7456 7458 7460 7470 7472 7475 7479 7484 7495 7509 7510 7515 7516 7518 7519 7530 7535 7540 7541 7560 7562 7567 7568 7576 7578 7588 7590 7592 7610 7615 7623 7626 7628 7636 7637 7638 7652 7655 7665 7666 7668 7671 7674 7682 7683 7698 7703 7708 7712 7716 7722 7724 7733 7744 7745 7750 7754 7756 7759 7761 7765 7770 7774 7782 7783 7785 7786 7803 7810 7821 7837 7843 7848 7850 7858 7860 7862 7877 7880 7883 7892 7900 7903 7914 7915 7916 7917 7918 7919 7920 7921 7922 7923 7924 7925 7928 7929 7930 7932 7934 7936 7939 7942 7943 7944 7946 7948 7949 7950 7953 7957 7959 7960 7963 7968 7970 7971 7979 7987 7990 7992 7996 7997 8001 8003 8007 8010 8013 8014 8016 8017 8021 8023 8025 8026 8029 8030 8031 8033 8034 8036 8038 8039 8040 8041 8042 8045 8046 8048 8049 8050 8052 8054 8055 8056 8057 8058 8060 8063 8065 8066 8068 8069 8070 8071 8076 8079 8081 8087 8092 8093 8102 8106 8109 8122 8123 8124 8136 8137 8138 8144 8147 8149 8150 8152 8153 8158 8159 8163 8166 8174 8179 8185 8187 8188 8193 8194 8198 8201 8205 8207 8209 8213 8221 
	}
	weather={
	}
}
