
strategic_region={
	id=56
	name="STRATEGICREGION_56"
	provinces={
		30 88 95 125 165 273 376 397 453 494 549 611 700 773 847 849 872 887 913 1159 1177 1180 1204 1217 1224 1237 1300 1358 1362 1409 1415 1430 1432 1458 1472 1483 1525 1539 1548 1590 1593 1746 1757 1782 1824 1856 1914 2051 2089 2171 2281 2376 2403 2424 2489 2490 2540 2543 2640 2664 2674 2708 2754 2765 2838 2844 2899 2900 2903 3045 3073 3121 3130 3178 3203 3207 3212 3222 3225 3227 3237 3273 3292 3293 3311 3317 3318 3327 3328 3332 3336 3345 3352 3355 3365 3366 3376 3384 3399 4993 4998 5017 8603 8606 8607 8609 
	}
	weather={
	}
}
