
strategic_region={
	id=58
	name="STRATEGICREGION_58"
	provinces={
		36 39 41 42 49 55 62 72 75 79 81 90 106 111 115 118 146 149 173 184 200 207 215 216 238 241 246 311 312 322 328 337 340 350 358 366 382 384 400 402 419 420 480 514 554 576 603 657 691 692 696 725 768 805 811 866 911 924 934 935 942 953 963 1009 1021 1039 1053 1061 1077 1091 1093 1096 1109 1125 1129 1149 1151 1175 1184 1185 1213 1258 1302 1376 1377 1459 1461 1527 1532 1536 1549 1557 1623 1635 1730 1760 1830 1845 1863 1880 1885 1888 1895 1901 1938 1956 1976 1979 1997 1998 1999 2020 2034 2050 2052 2075 2100 2120 2146 2148 2192 2209 2240 2269 2274 2280 2284 2303 2318 2341 2352 2419 2425 2431 2454 2459 2492 2498 2500 2502 2512 2520 2566 2567 2568 2587 2589 2626 2642 2681 2695 2706 2717 2721 2729 2790 2801 2809 2847 2849 2878 2879 2901 2909 2910 2919 2932 2973 3057 3088 3133 4468 4470 4471 4477 4478 4480 4482 4484 4486 4487 4488 4490 4492 4493 4496 4497 4500 4501 4503 4506 4507 4511 4512 4513 4515 4519 4521 4522 4523 4524 4525 4528 4529 4532 4533 4550 4553 4554 4556 4559 4562 4569 4570 4573 4574 4578 4580 4585 4592 4594 4598 4599 4603 4611 4613 4616 4617 4618 4622 4624 4632 4641 4650 4654 4661 4664 4665 4666 4676 4677 4679 4690 4694 4695 4706 4707 4719 4723 4724 4725 4731 4735 4737 4739 4748 4751 4752 4753 4755 4758 4759 4760 4762 4764 4769 4770 4771 4772 4774 4775 4777 4778 4780 4781 4784 4785 4787 4788 4789 4791 4792 4795 4796 4797 8789 8790 8791 8792 8793 
	}
	weather={
	}
}
