
strategic_region={
	id=9
	name="STRATEGICREGION_9"
	provinces={
		110 150 197 327 360 418 464 468 720 846 905 958 1015 1057 1110 1168 1230 1272 1287 1303 1336 1427 1456 1523 1534 1541 1610 1628 1687 1742 1751 1858 1900 1922 1945 1946 1954 2010 2037 2062 2066 2080 2092 2103 2150 2167 2203 2255 2257 2267 2338 2417 2448 2452 2468 2556 2563 2613 2625 2661 2678 2697 2731 2739 2740 2791 2853 2938 2971 2980 3015 3060 3089 3092 3099 3110 3117 4526 4541 4552 4555 4560 4564 4571 4572 4576 4583 4586 4587 4591 4595 4596 4597 4602 4605 4606 4612 4615 4623 4627 4628 4635 4643 4644 4645 4646 4649 4657 4658 4662 4668 4669 4670 4671 4672 4673 4675 4680 4683 4684 4685 4686 4687 4688 4689 4691 4696 4697 4698 4701 4702 4705 4708 4709 4710 4711 4712 4713 4717 4721 4722 4726 4727 4728 4730 4732 4736 4738 4742 4744 4745 4750 4757 8473 
	}
	weather={
	}
}
