
state={
	id=203
	name="STATE_203"

	history={
		owner = EGY
		add_core_of = EGY
		buildings = {
			arms_factory = 1
			industrial_complex = 1
			infrastructure = 4
			air_base = 1
		}

	}

	provinces={
		62 75 106 118 184 200 241 246 402 419 514 692 696 768 924 935 942 963 1009 1077 1091 1096 1129 1149 1175 1184 1185 1213 1532 1549 1557 1623 1635 1730 1760 1830 1845 1863 1885 1895 1901 1938 1956 1976 2020 2050 2100 2120 2146 2192 2274 2280 2284 2318 2341 2419 2425 2431 2454 2459 2498 2502 2512 2566 2567 2568 2587 2589 2626 2642 2681 2695 2706 2717 2721 2729 2790 2801 2809 2849 2878 2879 2909 2910 2919 2932 3057 3133 4468 4477 4478 4482 4484 4486 4487 4488 4492 4493 4501 4503 4506 4507 4511 4513 4521 4522 4524 4525 4529 4532 4553 4554 4559 4562 4569 4570 4574 4580 4585 4592 4598 4599 4611 4617 4624 4632 4641 4650 4661 4665 4676 4677 4679 4690 4694 4695 4706 4707 4719 4723 4724 4725 4737 4739 4752 4753 4755 4758 4759 4760 4762 4764 4769 4770 4771 4772 4774 4775 4777 4778 4781 4785 4787 4788 4792 4795 4796 4797 
	}
	manpower=372862
	buildings_max_level_factor=1.000
	state_category=rural
}
