
state={
	id=233
	name="STATE_233"
	provinces={
		188 323 412 543 607 679 742 840 944 1007 1032 1086 1324 1341 1374 1394 1426 1473 1474 1491 1519 1664 1689 1729 1766 1837 2069 2130 2147 2197 2453 2516 2573 2610 2670 2813 2824 2856 2937 2946 2974 3097 3413 3425 3434 3477 3483 3488 3506 3512 3528 3535 3549 3552 3553 3562 3565 3569 3571 3572 3575 3582 3583 3590 3591 3605 3626 3629 3635 3659 
	}
	
	history={
		owner = IRN
		add_core_of = IRN
		buildings = {
			arms_factory = 1
			industrial_complex = 1
			infrastructure = 4
		}
	}

	manpower=10
	state_category = rural
	buildings_max_level_factor=1.000
}
