
state={
	id=236
	name="STATE_236"
	provinces={
		5023 5043 5061 5094 5098 5121 5155 5174 5182 5185 5235 5246 5271 5284 5304 5315 5339 5353 5406 5412 5434 5445 5499 5544 5545 5559 5581 5597 5630 5672 5677 5692 5713 5720 5733 5738 5749 5775 5785 5809 5880 5925 5930 5938 5969 5978 5989 6005 6030 6060 6064 6102 6119 6138 6198 6208 6231 6279 6282 6312 6320 6323 6338 6400 6410 6490 6515 6523 6554 6570 6574 6580 6590 6661 6689 6692 6720 6774 6779 6863 6900 6910 6933 6982 7051 7087 7193 7200 7259 7299 7376 7386 7432 7442 7562 7674 7744 7759 7774 7783 7921 7922 7923 7943 7979 7990 7997 8030 8034 8070 8093 8102 8124 8149 8150 8163 
	}
	manpower=10
	buildings_max_level_factor=1.000
	state_category=wasteland
}
