
state={
	id=243
	name="STATE_243"
	provinces={
		5020 5052 5072 5103 5104 5122 5133 5142 5149 5160 5161 5167 5188 5191 5195 5197 5225 5266 5283 5324 5327 5329 5346 5351 5366 5371 5394 5408 5421 5491 5497 5500 5515 5519 5540 5546 5547 5566 5572 5592 5612 5615 5638 5669 5700 5719 5723 5732 5760 5778 5782 5829 5844 5862 5904 5920 5937 5941 5958 5962 5977 5981 5982 5996 6013 6032 6118 6156 6202 6228 6240 6249 6254 6259 6263 6348 6377 6403 6420 6432 6443 6537 6552 6602 6609 6618 6620 6623 6628 6662 6749 6773 6795 6848 6893 6945 7005 7033 7172 7173 7245 7252 7278 7308 7346 7408 7420 7451 7462 7478 7542 7624 7659 7679 7825 7906 8216 8222 8262 8274 8322 8328 8373 8374 8378 8389 8395 8410 8437 8470 
	}
	manpower=10 
	state_category = rural
	buildings_max_level_factor=1.000
}
