
state={
	id=244
	name="STATE_244"
	provinces={
		5054 5069 5080 5083 5131 5154 5173 5232 5234 5248 5250 5255 5293 5307 5341 5397 5409 5410 5428 5437 5454 5469 5509 5552 5633 5646 5655 5722 5740 5762 5816 5838 5845 5861 5892 5896 5965 6029 6048 6076 6086 6122 6132 6133 6169 6197 6213 6445 6502 6516 6555 6559 6598 6605 6619 6654 6656 6760 6777 6878 6906 6958 6961 7064 7140 7199 7213 7440 7444 7563 7680 7686 7720 7766 7772 8265 8289 8325 8402 8422 8428 
	}
	manpower=10 
	state_category = rural
	buildings_max_level_factor=1.000
}
