
state={
	id=245
	name="STATE_245"
	provinces={
		5038 5056 5089 5109 5112 5115 5128 5132 5145 5204 5212 5238 5257 5295 5300 5334 5336 5338 5369 5398 5422 5424 5439 5456 5498 5516 5534 5576 5593 5598 5617 5636 5671 5681 5758 5761 5774 5792 5843 5883 5921 5927 5935 5951 5953 5994 6016 6053 6082 6107 6113 6164 6272 6291 6327 6360 6362 6372 6414 6426 6448 6479 6507 6524 6549 6599 6601 6707 6776 6790 6800 6816 6952 6990 7041 7045 7070 7079 7091 7304 7354 7471 7537 7611 7670 7767 7808 7874 7961 7993 8075 8127 8141 8173 8220 
	}
	manpower=10 
	state_category = rural
	buildings_max_level_factor=1.000
}
