
state={
	id=246
	name="STATE_246"
	provinces={
		5076 5081 5092 5116 5137 5172 5189 5211 5229 5239 5277 5306 5317 5319 5325 5347 5348 5361 5365 5380 5381 5452 5453 5460 5466 5489 5518 5561 5589 5635 5680 5707 5736 5753 5789 5790 5797 5798 5850 5868 5884 5897 5913 5914 5917 5942 5950 5971 5980 5995 6010 6026 6055 6056 6066 6069 6070 6078 6083 6094 6116 6158 6159 6192 6225 6246 6278 6383 6427 6442 6467 6569 6591 6721 6733 6747 6786 6818 6855 6904 6928 6976 7030 7083 7102 7116 7166 7232 7267 7332 7370 7437 7518 7567 7682 7722 7756 7892 7920 7960 7970 7996 8001 8017 8153 8179 8193 
	}
	manpower=10 
	state_category = rural
	buildings_max_level_factor=1.000
}
