
state={
	id=247
	name="STATE_247"
	provinces={
		5062 5063 5079 5107 5118 5126 5138 5151 5153 5159 5170 5177 5193 5196 5206 5218 5222 5302 5340 5382 5392 5404 5415 5418 5426 5427 5432 5478 5483 5486 5501 5539 5557 5558 5571 5588 5619 5650 5652 5658 5673 5679 5694 5718 5735 5756 5776 5830 5841 5873 5882 5898 5931 5944 5949 5957 5968 5988 5997 6006 6008 6033 6043 6109 6120 6170 6216 6232 6289 6292 6313 6325 6331 6342 6367 6370 6415 6424 6440 6469 6474 6531 6536 6560 6640 6736 6775 6780 6797 6925 6931 6937 7023 7088 7130 7148 7190 7239 7255 7270 7273 7349 7410 7467 7554 7555 7603 7696 7704 7816 7907 7933 7983 8072 8086 8099 8119 8156 8180 8206 8214 8215 8224 8229 
	}
	manpower=10 
	state_category = rural
	buildings_max_level_factor=1.000
}
