
state={
	id=248
	name="STATE_248"
	provinces={
		5032 5051 5084 5096 5102 5119 5171 5187 5198 5199 5202 5217 5237 5242 5247 5256 5259 5263 5268 5274 5275 5280 5323 5350 5362 5385 5399 5400 5419 5506 5524 5527 5538 5569 5586 5599 5604 5616 5620 5624 5631 5632 5654 5710 5711 5741 5743 5757 5783 5784 5827 5857 5863 5916 5934 5999 6021 6025 6051 6062 6072 6093 6096 6098 6099 6130 6147 6182 6211 6243 6308 6315 6316 6366 6376 6396 6409 6425 6430 6461 6483 6509 6539 6546 6556 6639 6675 6680 6685 6698 6716 6830 6836 6886 6922 6967 6971 7080 7090 7105 7135 7143 7178 7183 7196 7344 7407 7525 7581 7691 7757 8307 8314 8360 8390 8418 8456 8469 
	}
	manpower=10 
	state_category = rural
	buildings_max_level_factor=1.000
}
