
state={
	id=249
	name="STATE_249"
	provinces={
		5021 5026 5028 5047 5048 5049 5055 5059 5067 5074 5082 5085 5095 5100 5111 5120 5125 5130 5141 5143 5150 5203 5205 5227 5253 5286 5292 5310 5333 5373 5384 5387 5395 5403 5430 5446 5473 5475 5480 5512 5536 5553 5562 5567 5577 5587 5594 5613 5614 5637 5647 5649 5659 5664 5682 5689 5704 5765 5768 5773 5779 5781 5799 5800 5804 5810 5812 5818 5822 5823 5828 5833 5835 5839 5855 5908 5919 5926 5945 5952 5955 5983 5984 6000 6018 6037 6058 6059 6088 6089 6137 6157 6163 6172 6180 6185 6188 6229 6262 6269 6276 6285 6287 6293 6295 6302 6304 6309 6332 6335 6353 6364 6378 6390 6411 6450 6457 6473 6478 6486 6489 6495 6501 6506 6510 6593 6600 6606 6636 6638 6650 6708 6725 6726 6729 6742 6753 6766 6787 6793 6808 6832 6872 6876 6881 6884 6911 6927 6969 6992 7004 7014 7016 7044 7050 7054 7066 7171 7198 7202 7221 7222 7223 7234 7275 7293 7296 7307 7314 7333 7404 7409 7414 7415 7419 7424 7491 7505 7507 7520 7521 7528 7583 7616 7647 7713 7727 7746 7833 7861 7864 8228 8235 8245 8247 8249 8254 8256 8257 8259 8261 8280 8282 8284 8287 8321 8326 8377 8379 8401 8409 8442 8445 8455 8464 8466 
	}
	manpower=10 
	state_category = rural
	buildings_max_level_factor=1.000
}
