
state={
	id=250
	name="STATE_250"
	provinces={
		5024 5031 5036 5041 5046 5060 5065 5106 5124 5146 5148 5164 5186 5223 5296 5301 5354 5370 5377 5379 5386 5393 5416 5438 5471 5472 5494 5496 5537 5548 5554 5560 5575 5608 5622 5625 5628 5651 5729 5767 5821 5851 5893 5905 5907 5967 5974 5985 6004 6057 6092 6101 6115 6154 6206 6288 6351 6381 6384 6399 6428 6460 6470 6511 6520 6522 6567 6575 6578 6595 6659 6687 6752 6765 6799 6803 6809 6850 6856 6950 6968 6978 7056 7095 7215 7399 7413 7422 7430 7447 7457 7618 7681 7719 7835 7893 7940 7951 7985 8011 8096 8107 8167 8191 
	}
	manpower=10 
	state_category = rural
	buildings_max_level_factor=1.000
}
