
state={
	id=251
	name="STATE_251"
	provinces={
		5057 5064 5068 5073 5078 5129 5140 5166 5168 5176 5179 5209 5236 5241 5249 5279 5281 5349 5358 5367 5402 5411 5447 5463 5474 5495 5517 5526 5579 5580 5584 5629 5639 5685 5686 5702 5728 5750 5766 5805 5842 5877 5885 5888 5918 5922 5946 5960 5966 5990 6052 6071 6140 6153 6161 6165 6219 6221 6224 6235 6252 6260 6267 6274 6294 6340 6346 6347 6357 6361 6386 6444 6447 6481 6496 6519 6533 6562 6596 6597 6643 6702 6715 6750 6854 6870 6874 6943 6956 6981 6993 6997 7018 7055 7073 7101 7103 7139 7162 7170 7231 7235 7276 7277 7281 7283 7287 7291 7295 7329 7365 7368 7394 7426 7455 7468 7481 7501 7547 7552 7572 7582 7591 7606 7620 7692 7700 7731 7740 7755 7784 7807 7820 7839 7845 8154 8155 8170 8177 8178 8184 8189 8190 8192 8197 8200 8204 8212 8217 8225 8230 8246 8248 8263 8266 8279 8288 8294 8299 8302 8304 8311 8313 8324 8327 8331 8332 8341 8349 
	}
	manpower=10 
	state_category = rural
	buildings_max_level_factor=1.000
}
