
state={
	id=252
	name="STATE_252"
	provinces={
		5022 5035 5037 5042 5044 5053 5071 5086 5117 5123 5127 5157 5169 5178 5194 5207 5213 5214 5219 5240 5244 5245 5258 5260 5265 5273 5278 5297 5305 5312 5313 5331 5342 5344 5345 5352 5363 5405 5413 5414 5429 5431 5433 5448 5449 5451 5457 5477 5502 5503 5513 5528 5532 5549 5564 5611 5621 5662 5667 5695 5698 5703 5708 5709 5727 5730 5745 5747 5752 5755 5771 5772 5777 5811 5814 5825 5826 5834 5837 5840 5866 5872 5886 5889 5900 5906 5973 6003 6012 6017 6020 6022 6028 6036 6049 6054 6074 6080 6085 6091 6100 6104 6126 6128 6136 6143 6146 6149 6171 6174 6183 6187 6191 6205 6214 6242 6245 6247 6268 6271 6298 6299 6300 6314 6317 6339 6343 6344 6349 6350 6365 6369 6371 6380 6393 6395 6437 6452 6456 6477 6493 6497 6540 6544 6545 6568 6583 6586 6594 6611 6626 6635 6652 6653 6658 6674 6679 6688 6723 6727 6730 6735 6748 6751 6758 6762 6764 6769 6772 6791 6798 6802 6820 6822 6828 6838 6864 6897 6903 6905 6913 6947 6960 6979 6989 6991 6998 7007 7012 7022 7028 7031 7037 7042 7077 7078 7092 7100 7107 7112 7114 7126 7127 7129 7145 7150 7184 7211 7214 7218 7243 7279 7297 7302 7310 7323 7330 7331 7341 7378 7380 7388 7431 7434 7446 7461 7480 7490 7498 7506 7508 7511 7550 7557 7561 7594 7629 7656 7660 7675 7684 7687 7739 7751 7787 7793 7813 7819 7849 7866 7879 7905 8333 8334 8335 8336 8337 8339 8342 8343 8344 8347 8348 8350 8353 8354 8355 8356 8357 8362 8365 8366 8370 8371 8383 8385 8392 8394 8397 8406 8413 8415 8425 8436 8438 8450 8451 8453 8454 8457 8461 8462 8463 8465 8467 8471 
	}
	manpower=10 
	state_category = rural
	buildings_max_level_factor=1.000
}
