
state={
	id=253
	name="STATE_253"
	provinces={
		5029 5040 5105 5216 5455 5479 5504 5525 5541 5556 5595 5605 5660 5674 5697 5787 5847 5864 5881 5943 5972 5992 6044 6114 6186 6207 6241 6255 6306 6363 6433 6455 6464 6471 6482 6488 6526 6527 6548 6577 6582 6608 6697 6722 6746 6807 6935 6964 6977 7019 7043 7097 7125 7136 7138 7154 7155 7181 7207 7216 7219 7238 7250 7272 7327 7405 7416 7473 7474 7565 7604 7627 7640 7648 7654 7669 7694 7714 7752 7769 7777 7800 7841 7857 7908 7909 7910 7926 7931 7937 7941 7945 7952 7955 7956 7962 7973 7980 7986 7988 7995 
	}
	manpower=10 
	state_category = rural
	buildings_max_level_factor=1.000
}
