
state={
	id=254
	name="STATE_254"
	provinces={
		5039 5050 5077 5093 5099 5101 5113 5114 5134 5144 5163 5165 5181 5190 5220 5228 5230 5261 5262 5270 5282 5285 5287 5303 5309 5318 5322 5335 5372 5378 5383 5388 5390 5407 5435 5443 5450 5481 5488 5492 5542 5551 5582 5602 5603 5626 5640 5648 5653 5701 5721 5739 5754 5764 5770 5794 5795 5807 5824 5890 5899 5901 5912 5940 5961 5975 5976 6019 6027 6031 6034 6038 6039 6047 6065 6079 6081 6105 6106 6123 6155 6160 6168 6190 6193 6218 6220 6222 6230 6233 6253 6290 6305 6307 6311 6319 6334 6373 6379 6388 6398 6421 6458 6484 6487 6505 6517 6535 6604 6612 6615 6624 6644 6657 6700 6706 6714 6782 6785 6792 6840 6849 6866 6895 6934 6970 6972 7026 7034 7063 7122 7157 7163 7169 7175 7191 7194 7204 7236 7257 7265 7301 7306 7321 7337 7342 7355 7406 7456 7479 7515 7540 7541 7576 7578 7590 7626 7636 7638 7652 7665 7666 7671 7698 7712 7745 7754 7761 7765 7770 7782 7785 7803 7821 7848 7850 7877 7883 7919 7968 8054 8081 8092 8106 8109 8122 8123 8136 8137 8138 8144 8147 8152 8158 8159 8166 8174 8185 8187 8188 8194 8198 8201 8205 8207 8209 8213 8221 
	}
	manpower=10 
	state_category = rural
	buildings_max_level_factor=1.000
}
