
state={
	id=255
	name="STATE_255"
	provinces={
		5027 5045 5087 5097 5108 5136 5156 5162 5184 5200 5210 5221 5243 5267 5289 5290 5294 5298 5299 5316 5320 5357 5359 5462 5464 5476 5530 5585 5600 5607 5644 5656 5661 5663 5670 5684 5690 5693 5706 5717 5731 5769 5791 5869 5871 5903 5910 5923 5928 5963 6046 6121 6129 6131 6144 6148 6150 6176 6179 6200 6212 6226 6248 6256 6303 6326 6328 6355 6407 6417 6462 6463 6498 6504 6512 6541 6553 6584 6607 6610 6616 6627 6633 6655 6696 6732 6737 6745 6763 6767 6771 6789 6796 6801 6804 6805 6806 6814 6815 6817 6821 6841 6843 6845 6851 6860 6868 6879 6882 6888 6891 6894 6907 6926 6930 6936 6942 6949 6955 6963 6984 6987 7001 7008 7027 7061 7062 7067 7068 7081 7086 7094 7104 7115 7123 7133 7141 7153 7156 7167 7179 7186 7189 7227 7248 7253 7254 7261 7262 7264 7289 7294 7313 7339 7359 7369 7384 7385 7396 7425 7438 7458 7460 7470 7472 7475 7484 7495 7509 7510 7516 7519 7530 7535 7560 7568 7588 7592 7610 7615 7623 7628 7637 7655 7668 7683 7703 7708 7716 7724 7733 7750 7786 7810 7837 7843 7858 7860 7862 7880 7900 7903 7914 7915 7916 7917 7918 7924 7925 7928 7929 7930 7932 7934 7936 7939 7942 7944 7946 7948 7949 7950 7953 7957 7959 7963 7971 7987 7992 8003 8007 8010 8013 8014 8016 8021 8023 8025 8026 8029 8031 8033 8036 8038 8039 8040 8041 8042 8045 8046 8048 8049 8050 8052 8055 8056 8057 8058 8060 8063 8065 8066 8068 8069 8071 8076 8079 8087 
	}
	manpower=10 
	state_category = rural
	buildings_max_level_factor=1.000
}
